1:Edinburgh:2:1,2
2:London:1,4,7:1,2,3,4,5
3:Brest:4,5,8:26,11,12
4:Deippe:2,3,5,6:3,4,26,100,8
5:Paris:4,6,16,14,13,8,3:100,9,10,29,30,16,15,13,14,11
6:Bruxells:4,5,7,16:8,9,10,7,31
7:Amsterdam:2,6,16,17:5,7,32,6
8:Pamplona:3,5,13,12,9:12,13,14,24,25,18,19
9:Madrid:8,10,11,12:18,19,20,22,21
10:Lisboa:9,11:20,23
11:Cadiz:9,10:22,23
12:Barcellona:8,9,13:24,21,17
13:Marseille:5,8,12,14,22:16,25,17,27,28
14:Zurich:5,13,15,21:16,27,35,36
15:Munchen:14,16,21,20:35,34,37,38
16:Franfurt:5,6,7,15,17:29,30,31,32,34,33
17:Essen:7,16,18,19:6,33,96,97,51
18:Kobenhavn:17,47:96,97,94,95
19:Berlin:16,17,20,40,41:98,99,51,50,53,54,52
20:Wien:15,19,23,39,40:38,50,49,60,61,85
21:Venzian:14,15,22,23:36,37,40,39
22:Roma:13,21,24,25:28,40,41,42
23:Zagrab:20,21,39,28:49,39,48,47
24:Brudisi:22,25,27:41,43,44
25:Palermo:22,24,26:42,43,45
26:Smyrna:25,27,30,31:45,66,69,70
27:Athena:24,26,28,29:44,46,46,65
28:Sarajevo:23,27,29,39:47,46,64,62
29:Sofia:27,28,30,38:65,64,67,68
30:Constantinople:26,29,31,33,38:69,67,72,76,71
31:Angora:26,30,32:70,72,73
32:Erzurum:31,33,34:73,74,75
33:Sevestapol:30,32,34,35,38:76,74,85,78,77
34:Sochi:32,33,35:75,74,79
35:Rostov:33,34,36:78,79,82
36:Kharkov:34,37,45:82,81,83
37:Kiev:36,38,39,40,43,44:81,80,59,58,86,84
38:Bucuresti:29,30,33,37,39:68,71,77,80,63
39:Budapest:20,23,28,38,37:60,61,48,62,63,59
40:Warszawa:19,20,37,43,41:53,54,85,58,56,55
41:Danzig:19,40,42:52,55,92
42:Riga:41,43,46:92,57,91
43:Wilno:37,40,42,46,44:86,56,57,88,87
44:Smolensk:37,43,45:84,87,89
45:Moskva:44,36,46:89,83,90
46:Petrograd:42,47,43,45:91,93,88,90
47:Stockho1m:18,46:94,96,93